Angles

       1        1       25        1      217
       2        1       25        1      117
       3        1      217        1      117
       4        1        9        2       26
       5        1        9        2      218
       6        1       26        2      218
       7        1       10        3       27
       8        1       10        3      219
       9        1       27        3      219
      10        1       28        4      220
      11        1       28        4      120
      12        1      220        4      120
      13        1       11        5       29
      14        1       11        5      221
      15        1       29        5      221
      16        1       30        6      222
      17        1       30        6      115
      18        1      222        6      115
      19        1       31        7      223
      20        1       31        7      114
      21        1      223        7      114
      22        1       12        8       32
      23        1       12        8      224
      24        1       32        8      224
      25        1        2        9       13
      26        1        2        9      121
      27        1       13        9      121
      28        1        3       10       14
      29        1        3       10      122
      30        1       14       10      122
      31        1        5       11       15
      32        1        5       11      123
      33        1       15       11      123
      34        1        8       12       16
      35        1        8       12      124
      36        1       16       12      124
      37        1        9       13       17
      38        1        9       13      125
      39        1       17       13      125
      40        1       10       14       18
      41        1       10       14      126
      42        1       18       14      126
      43        1       11       15       19
      44        1       11       15      127
      45        1       19       15      127
      46        1       12       16       20
      47        1       12       16      128
      48        1       20       16      128
      49        1       13       17       21
      50        1       13       17      129
      51        1       21       17      129
      52        1       14       18       22
      53        1       14       18      130
      54        1       22       18      130
      55        1       15       19       23
      56        1       15       19      131
      57        1       23       19      131
      58        1       16       20       24
      59        1       16       20      132
      60        1       24       20      132
      61        1       17       21       26
      62        1       17       21      133
      63        1       26       21      133
      64        1       18       22       27
      65        1       18       22      134
      66        1       27       22      134
      67        1       19       23       29
      68        1       19       23      135
      69        1       29       23      135
      70        1       20       24       32
      71        1       20       24      136
      72        1       32       24      136
      73        1        1       25      273
      74        1        1       25      118
      75        1      273       25      118
      76        1        2       26       21
      77        1        2       26      274
      78        1       21       26      274
      79        1        3       27       22
      80        1        3       27      275
      81        1       22       27      275
      82        1        4       28      276
      83        1        4       28      119
      84        1      276       28      119
      85        1        5       29       23
      86        1        5       29      277
      87        1       23       29      277
      88        1        6       30      278
      89        1        6       30      116
      90        1      278       30      116
      91        1        7       31      279
      92        1        7       31      113
      93        1      279       31      113
      94        1        8       32       24
      95        1        8       32      280
      96        1       24       32      280
      97        1       84       33      225
      98        1       84       33      137
      99        1      225       33      137
     100        1       83       34      226
     101        1       83       34      138
     102        1      226       34      138
     103        1       82       35      227
     104        1       82       35      139
     105        1      227       35      139
     106        1       81       36      228
     107        1       81       36      140
     108        1      228       36      140
     109        1       88       37      229
     110        1       88       37      141
     111        1      229       37      141
     112        1       87       38      230
     113        1       87       38      142
     114        1      230       38      142
     115        1       86       39      231
     116        1       86       39      143
     117        1      231       39      143
     118        1       85       40      232
     119        1       85       40      144
     120        1      232       40      144
     121        1       96       41      233
     122        1       96       41      145
     123        1      233       41      145
     124        1       95       42      234
     125        1       95       42      146
     126        1      234       42      146
     127        1       94       43      235
     128        1       94       43      147
     129        1      235       43      147
     130        1       93       44      236
     131        1       93       44      148
     132        1      236       44      148
     133        1       92       45      237
     134        1       92       45      149
     135        1      237       45      149
     136        1       91       46      238
     137        1       91       46      150
     138        1      238       46      150
     139        1       90       47      239
     140        1       90       47      151
     141        1      239       47      151
     142        1       89       48      240
     143        1       89       48      152
     144        1      240       48      152
     145        1       71       49      241
     146        1       71       49      153
     147        1      241       49      153
     148        1       72       50      242
     149        1       72       50      154
     150        1      242       50      154
     151        1       69       51      243
     152        1       69       51      155
     153        1      243       51      155
     154        1       70       52      244
     155        1       70       52      156
     156        1      244       52      156
     157        1       67       53      245
     158        1       67       53      157
     159        1      245       53      157
     160        1       68       54      246
     161        1       68       54      158
     162        1      246       54      158
     163        1       65       55      247
     164        1       65       55      159
     165        1      247       55      159
     166        1       66       56      248
     167        1       66       56      160
     168        1      248       56      160
     169        1      247       57      249
     170        1      247       57      161
     171        1      249       57      161
     172        1      248       58      250
     173        1      248       58      162
     174        1      250       58      162
     175        1      245       59      251
     176        1      245       59      163
     177        1      251       59      163
     178        1      246       60      252
     179        1      246       60      164
     180        1      252       60      164
     181        1      243       61      253
     182        1      243       61      165
     183        1      253       61      165
     184        1      244       62      254
     185        1      244       62      166
     186        1      254       62      166
     187        1      241       63      255
     188        1      241       63      167
     189        1      255       63      167
     190        1      242       64      256
     191        1      242       64      168
     192        1      256       64      168
     193        1       55       65      249
     194        1       55       65      169
     195        1      249       65      169
     196        1       56       66      250
     197        1       56       66      170
     198        1      250       66      170
     199        1       53       67      251
     200        1       53       67      171
     201        1      251       67      171
     202        1       54       68      252
     203        1       54       68      172
     204        1      252       68      172
     205        1       51       69      253
     206        1       51       69      173
     207        1      253       69      173
     208        1       52       70      254
     209        1       52       70      174
     210        1      254       70      174
     211        1       49       71      255
     212        1       49       71      175
     213        1      255       71      175
     214        1       50       72      256
     215        1       50       72      176
     216        1      256       72      176
     217        1      228       73      257
     218        1      228       73      177
     219        1      257       73      177
     220        1      227       74      258
     221        1      227       74      178
     222        1      258       74      178
     223        1      226       75      259
     224        1      226       75      179
     225        1      259       75      179
     226        1      225       76      260
     227        1      225       76      180
     228        1      260       76      180
     229        1      232       77      261
     230        1      232       77      181
     231        1      261       77      181
     232        1      231       78      262
     233        1      231       78      182
     234        1      262       78      182
     235        1      230       79      263
     236        1      230       79      183
     237        1      263       79      183
     238        1      229       80      264
     239        1      229       80      184
     240        1      264       80      184
     241        1       36       81      257
     242        1       36       81      185
     243        1      257       81      185
     244        1       35       82      258
     245        1       35       82      186
     246        1      258       82      186
     247        1       34       83      259
     248        1       34       83      187
     249        1      259       83      187
     250        1       33       84      260
     251        1       33       84      188
     252        1      260       84      188
     253        1       40       85      261
     254        1       40       85      189
     255        1      261       85      189
     256        1       39       86      262
     257        1       39       86      190
     258        1      262       86      190
     259        1       38       87      263
     260        1       38       87      191
     261        1      263       87      191
     262        1       37       88      264
     263        1       37       88      192
     264        1      264       88      192
     265        1       48       89      265
     266        1       48       89      193
     267        1      265       89      193
     268        1       47       90      266
     269        1       47       90      194
     270        1      266       90      194
     271        1       46       91      267
     272        1       46       91      195
     273        1      267       91      195
     274        1       45       92      268
     275        1       45       92      196
     276        1      268       92      196
     277        1       44       93      269
     278        1       44       93      197
     279        1      269       93      197
     280        1       43       94      270
     281        1       43       94      198
     282        1      270       94      198
     283        1       42       95      271
     284        1       42       95      199
     285        1      271       95      199
     286        1       41       96      272
     287        1       41       96      200
     288        1      272       96      200
     289        1      240       97      265
     290        1      240       97      201
     291        1      265       97      201
     292        1      239       98      266
     293        1      239       98      202
     294        1      266       98      202
     295        1      238       99      267
     296        1      238       99      203
     297        1      267       99      203
     298        1      237      100      268
     299        1      237      100      204
     300        1      268      100      204
     301        1      236      101      269
     302        1      236      101      205
     303        1      269      101      205
     304        1      235      102      270
     305        1      235      102      206
     306        1      270      102      206
     307        1      234      103      271
     308        1      234      103      207
     309        1      271      103      207
     310        1      233      104      272
     311        1      233      104      208
     312        1      272      104      208
     313        1      217      105      273
     314        1      217      105      209
     315        1      273      105      209
     316        1      218      106      274
     317        1      218      106      210
     318        1      274      106      210
     319        1      219      107      275
     320        1      219      107      211
     321        1      275      107      211
     322        1      220      108      276
     323        1      220      108      212
     324        1      276      108      212
     325        1      221      109      277
     326        1      221      109      213
     327        1      277      109      213
     328        1      222      110      278
     329        1      222      110      214
     330        1      278      110      214
     331        1      223      111      279
     332        1      223      111      215
     333        1      279      111      215
     334        1      224      112      280
     335        1      224      112      216
     336        1      280      112      216
     337        1        1      217      105
     338        1        1      217      281
     339        1      105      217      281
     340        1        2      218      106
     341        1        2      218      282
     342        1      106      218      282
     343        1        3      219      107
     344        1        3      219      283
     345        1      107      219      283
     346        1        4      220      108
     347        1        4      220      284
     348        1      108      220      284
     349        1        5      221      109
     350        1        5      221      285
     351        1      109      221      285
     352        1        6      222      110
     353        1        6      222      286
     354        1      110      222      286
     355        1        7      223      111
     356        1        7      223      287
     357        1      111      223      287
     358        1        8      224      112
     359        1        8      224      288
     360        1      112      224      288
     361        1       33      225       76
     362        1       33      225      281
     363        1       76      225      281
     364        1       34      226       75
     365        1       34      226      282
     366        1       75      226      282
     367        1       35      227       74
     368        1       35      227      283
     369        1       74      227      283
     370        1       36      228       73
     371        1       36      228      284
     372        1       73      228      284
     373        1       37      229       80
     374        1       37      229      285
     375        1       80      229      285
     376        1       38      230       79
     377        1       38      230      286
     378        1       79      230      286
     379        1       39      231       78
     380        1       39      231      287
     381        1       78      231      287
     382        1       40      232       77
     383        1       40      232      288
     384        1       77      232      288
     385        1       41      233      104
     386        1       41      233      281
     387        1      104      233      281
     388        1       42      234      103
     389        1       42      234      282
     390        1      103      234      282
     391        1       43      235      102
     392        1       43      235      283
     393        1      102      235      283
     394        1       44      236      101
     395        1       44      236      284
     396        1      101      236      284
     397        1       45      237      100
     398        1       45      237      285
     399        1      100      237      285
     400        1       46      238       99
     401        1       46      238      286
     402        1       99      238      286
     403        1       47      239       98
     404        1       47      239      287
     405        1       98      239      287
     406        1       48      240       97
     407        1       48      240      288
     408        1       97      240      288
     409        1       49      241       63
     410        1       49      241      281
     411        1       63      241      281
     412        1       50      242       64
     413        1       50      242      282
     414        1       64      242      282
     415        1       51      243       61
     416        1       51      243      283
     417        1       61      243      283
     418        1       52      244       62
     419        1       52      244      284
     420        1       62      244      284
     421        1       53      245       59
     422        1       53      245      285
     423        1       59      245      285
     424        1       54      246       60
     425        1       54      246      286
     426        1       60      246      286
     427        1       55      247       57
     428        1       55      247      287
     429        1       57      247      287
     430        1       56      248       58
     431        1       56      248      288
     432        1       58      248      288
     433        1       57      249       65
     434        1       57      249      289
     435        1       65      249      289
     436        1       58      250       66
     437        1       58      250      290
     438        1       66      250      290
     439        1       59      251       67
     440        1       59      251      291
     441        1       67      251      291
     442        1       60      252       68
     443        1       60      252      292
     444        1       68      252      292
     445        1       61      253       69
     446        1       61      253      293
     447        1       69      253      293
     448        1       62      254       70
     449        1       62      254      294
     450        1       70      254      294
     451        1       63      255       71
     452        1       63      255      295
     453        1       71      255      295
     454        1       64      256       72
     455        1       64      256      296
     456        1       72      256      296
     457        1       73      257       81
     458        1       73      257      289
     459        1       81      257      289
     460        1       74      258       82
     461        1       74      258      290
     462        1       82      258      290
     463        1       75      259       83
     464        1       75      259      291
     465        1       83      259      291
     466        1       76      260       84
     467        1       76      260      292
     468        1       84      260      292
     469        1       77      261       85
     470        1       77      261      293
     471        1       85      261      293
     472        1       78      262       86
     473        1       78      262      294
     474        1       86      262      294
     475        1       79      263       87
     476        1       79      263      295
     477        1       87      263      295
     478        1       80      264       88
     479        1       80      264      296
     480        1       88      264      296
     481        1       89      265       97
     482        1       89      265      289
     483        1       97      265      289
     484        1       90      266       98
     485        1       90      266      290
     486        1       98      266      290
     487        1       91      267       99
     488        1       91      267      291
     489        1       99      267      291
     490        1       92      268      100
     491        1       92      268      292
     492        1      100      268      292
     493        1       93      269      101
     494        1       93      269      293
     495        1      101      269      293
     496        1       94      270      102
     497        1       94      270      294
     498        1      102      270      294
     499        1       95      271      103
     500        1       95      271      295
     501        1      103      271      295
     502        1       96      272      104
     503        1       96      272      296
     504        1      104      272      296
     505        1       25      273      105
     506        1       25      273      289
     507        1      105      273      289
     508        1       26      274      106
     509        1       26      274      290
     510        1      106      274      290
     511        1       27      275      107
     512        1       27      275      291
     513        1      107      275      291
     514        1       28      276      108
     515        1       28      276      292
     516        1      108      276      292
     517        1       29      277      109
     518        1       29      277      293
     519        1      109      277      293
     520        1       30      278      110
     521        1       30      278      294
     522        1      110      278      294
     523        1       31      279      111
     524        1       31      279      295
     525        1      111      279      295
     526        1       32      280      112
     527        1       32      280      296
     528        1      112      280      296
     529        2      225      281      233
     530        2      225      281      241
     531        2      225      281      217
     532        2      233      281      241
     533        2      233      281      217
     534        2      241      281      217
     535        2      226      282      234
     536        2      226      282      242
     537        2      226      282      218
     538        2      234      282      242
     539        2      234      282      218
     540        2      242      282      218
     541        2      227      283      235
     542        2      227      283      243
     543        2      227      283      219
     544        2      235      283      243
     545        2      235      283      219
     546        2      243      283      219
     547        2      228      284      236
     548        2      228      284      244
     549        2      228      284      220
     550        2      236      284      244
     551        2      236      284      220
     552        2      244      284      220
     553        2      229      285      237
     554        2      229      285      245
     555        2      229      285      221
     556        2      237      285      245
     557        2      237      285      221
     558        2      245      285      221
     559        2      230      286      238
     560        2      230      286      246
     561        2      230      286      222
     562        2      238      286      246
     563        2      238      286      222
     564        2      246      286      222
     565        2      231      287      239
     566        2      231      287      247
     567        2      231      287      223
     568        2      239      287      247
     569        2      239      287      223
     570        2      247      287      223
     571        2      232      288      240
     572        2      232      288      248
     573        2      232      288      224
     574        2      240      288      248
     575        2      240      288      224
     576        2      248      288      224
     577        2      257      289      265
     578        2      257      289      273
     579        2      257      289      249
     580        2      265      289      273
     581        2      265      289      249
     582        2      273      289      249
     583        2      258      290      266
     584        2      258      290      274
     585        2      258      290      250
     586        2      266      290      274
     587        2      266      290      250
     588        2      274      290      250
     589        2      259      291      267
     590        2      259      291      275
     591        2      259      291      251
     592        2      267      291      275
     593        2      267      291      251
     594        2      275      291      251
     595        2      260      292      268
     596        2      260      292      276
     597        2      260      292      252
     598        2      268      292      276
     599        2      268      292      252
     600        2      276      292      252
     601        2      261      293      269
     602        2      261      293      277
     603        2      261      293      253
     604        2      269      293      277
     605        2      269      293      253
     606        2      277      293      253
     607        2      262      294      270
     608        2      262      294      278
     609        2      262      294      254
     610        2      270      294      278
     611        2      270      294      254
     612        2      278      294      254
     613        2      263      295      271
     614        2      263      295      279
     615        2      263      295      255
     616        2      271      295      279
     617        2      271      295      255
     618        2      279      295      255
     619        2      264      296      272
     620        2      264      296      280
     621        2      264      296      256
     622        2      272      296      280
     623        2      272      296      256
     624        2      280      296      256
