Dihedrals

       1        1      217        1       25      273
       2        1      217        1       25      118
       3        1      117        1       25      273
       4        1      117        1       25      118
       5        1       25        1      217      105
       6        1       25        1      217      281
       7        1      117        1      217      105
       8        1      117        1      217      281
       9        1       26        2        9       13
      10        1       26        2        9      121
      11        1      218        2        9       13
      12        1      218        2        9      121
      13        1        9        2       26       21
      14        1        9        2       26      274
      15        1      218        2       26       21
      16        1      218        2       26      274
      17        1        9        2      218      106
      18        1        9        2      218      282
      19        1       26        2      218      106
      20        1       26        2      218      282
      21        1       27        3       10       14
      22        1       27        3       10      122
      23        1      219        3       10       14
      24        1      219        3       10      122
      25        1       10        3       27       22
      26        1       10        3       27      275
      27        1      219        3       27       22
      28        1      219        3       27      275
      29        1       10        3      219      107
      30        1       10        3      219      283
      31        1       27        3      219      107
      32        1       27        3      219      283
      33        1      220        4       28      276
      34        1      220        4       28      119
      35        1      120        4       28      276
      36        1      120        4       28      119
      37        1       28        4      220      108
      38        1       28        4      220      284
      39        1      120        4      220      108
      40        1      120        4      220      284
      41        1       29        5       11       15
      42        1       29        5       11      123
      43        1      221        5       11       15
      44        1      221        5       11      123
      45        1       11        5       29       23
      46        1       11        5       29      277
      47        1      221        5       29       23
      48        1      221        5       29      277
      49        1       11        5      221      109
      50        1       11        5      221      285
      51        1       29        5      221      109
      52        1       29        5      221      285
      53        1      222        6       30      278
      54        1      222        6       30      116
      55        1      115        6       30      278
      56        1      115        6       30      116
      57        1       30        6      222      110
      58        1       30        6      222      286
      59        1      115        6      222      110
      60        1      115        6      222      286
      61        1      223        7       31      279
      62        1      223        7       31      113
      63        1      114        7       31      279
      64        1      114        7       31      113
      65        1       31        7      223      111
      66        1       31        7      223      287
      67        1      114        7      223      111
      68        1      114        7      223      287
      69        1       32        8       12       16
      70        1       32        8       12      124
      71        1      224        8       12       16
      72        1      224        8       12      124
      73        1       12        8       32       24
      74        1       12        8       32      280
      75        1      224        8       32       24
      76        1      224        8       32      280
      77        1       12        8      224      112
      78        1       12        8      224      288
      79        1       32        8      224      112
      80        1       32        8      224      288
      81        1        2        9       13       17
      82        1        2        9       13      125
      83        1      121        9       13       17
      84        1      121        9       13      125
      85        1        3       10       14       18
      86        1        3       10       14      126
      87        1      122       10       14       18
      88        1      122       10       14      126
      89        1        5       11       15       19
      90        1        5       11       15      127
      91        1      123       11       15       19
      92        1      123       11       15      127
      93        1        8       12       16       20
      94        1        8       12       16      128
      95        1      124       12       16       20
      96        1      124       12       16      128
      97        1        9       13       17       21
      98        1        9       13       17      129
      99        1      125       13       17       21
     100        1      125       13       17      129
     101        1       10       14       18       22
     102        1       10       14       18      130
     103        1      126       14       18       22
     104        1      126       14       18      130
     105        1       11       15       19       23
     106        1       11       15       19      131
     107        1      127       15       19       23
     108        1      127       15       19      131
     109        1       12       16       20       24
     110        1       12       16       20      132
     111        1      128       16       20       24
     112        1      128       16       20      132
     113        1       13       17       21       26
     114        1       13       17       21      133
     115        1      129       17       21       26
     116        1      129       17       21      133
     117        1       14       18       22       27
     118        1       14       18       22      134
     119        1      130       18       22       27
     120        1      130       18       22      134
     121        1       15       19       23       29
     122        1       15       19       23      135
     123        1      131       19       23       29
     124        1      131       19       23      135
     125        1       16       20       24       32
     126        1       16       20       24      136
     127        1      132       20       24       32
     128        1      132       20       24      136
     129        1       17       21       26        2
     130        1       17       21       26      274
     131        1      133       21       26        2
     132        1      133       21       26      274
     133        1       18       22       27        3
     134        1       18       22       27      275
     135        1      134       22       27        3
     136        1      134       22       27      275
     137        1       19       23       29        5
     138        1       19       23       29      277
     139        1      135       23       29        5
     140        1      135       23       29      277
     141        1       20       24       32        8
     142        1       20       24       32      280
     143        1      136       24       32        8
     144        1      136       24       32      280
     145        1        1       25      273      105
     146        1        1       25      273      289
     147        1      118       25      273      105
     148        1      118       25      273      289
     149        1        2       26      274      106
     150        1        2       26      274      290
     151        1       21       26      274      106
     152        1       21       26      274      290
     153        1        3       27      275      107
     154        1        3       27      275      291
     155        1       22       27      275      107
     156        1       22       27      275      291
     157        1        4       28      276      108
     158        1        4       28      276      292
     159        1      119       28      276      108
     160        1      119       28      276      292
     161        1        5       29      277      109
     162        1        5       29      277      293
     163        1       23       29      277      109
     164        1       23       29      277      293
     165        1        6       30      278      110
     166        1        6       30      278      294
     167        1      116       30      278      110
     168        1      116       30      278      294
     169        1        7       31      279      111
     170        1        7       31      279      295
     171        1      113       31      279      111
     172        1      113       31      279      295
     173        1        8       32      280      112
     174        1        8       32      280      296
     175        1       24       32      280      112
     176        1       24       32      280      296
     177        1      225       33       84      260
     178        1      225       33       84      188
     179        1      137       33       84      260
     180        1      137       33       84      188
     181        1       84       33      225       76
     182        1       84       33      225      281
     183        1      137       33      225       76
     184        1      137       33      225      281
     185        1      226       34       83      259
     186        1      226       34       83      187
     187        1      138       34       83      259
     188        1      138       34       83      187
     189        1       83       34      226       75
     190        1       83       34      226      282
     191        1      138       34      226       75
     192        1      138       34      226      282
     193        1      227       35       82      258
     194        1      227       35       82      186
     195        1      139       35       82      258
     196        1      139       35       82      186
     197        1       82       35      227       74
     198        1       82       35      227      283
     199        1      139       35      227       74
     200        1      139       35      227      283
     201        1      228       36       81      257
     202        1      228       36       81      185
     203        1      140       36       81      257
     204        1      140       36       81      185
     205        1       81       36      228       73
     206        1       81       36      228      284
     207        1      140       36      228       73
     208        1      140       36      228      284
     209        1      229       37       88      264
     210        1      229       37       88      192
     211        1      141       37       88      264
     212        1      141       37       88      192
     213        1       88       37      229       80
     214        1       88       37      229      285
     215        1      141       37      229       80
     216        1      141       37      229      285
     217        1      230       38       87      263
     218        1      230       38       87      191
     219        1      142       38       87      263
     220        1      142       38       87      191
     221        1       87       38      230       79
     222        1       87       38      230      286
     223        1      142       38      230       79
     224        1      142       38      230      286
     225        1      231       39       86      262
     226        1      231       39       86      190
     227        1      143       39       86      262
     228        1      143       39       86      190
     229        1       86       39      231       78
     230        1       86       39      231      287
     231        1      143       39      231       78
     232        1      143       39      231      287
     233        1      232       40       85      261
     234        1      232       40       85      189
     235        1      144       40       85      261
     236        1      144       40       85      189
     237        1       85       40      232       77
     238        1       85       40      232      288
     239        1      144       40      232       77
     240        1      144       40      232      288
     241        1      233       41       96      272
     242        1      233       41       96      200
     243        1      145       41       96      272
     244        1      145       41       96      200
     245        1       96       41      233      104
     246        1       96       41      233      281
     247        1      145       41      233      104
     248        1      145       41      233      281
     249        1      234       42       95      271
     250        1      234       42       95      199
     251        1      146       42       95      271
     252        1      146       42       95      199
     253        1       95       42      234      103
     254        1       95       42      234      282
     255        1      146       42      234      103
     256        1      146       42      234      282
     257        1      235       43       94      270
     258        1      235       43       94      198
     259        1      147       43       94      270
     260        1      147       43       94      198
     261        1       94       43      235      102
     262        1       94       43      235      283
     263        1      147       43      235      102
     264        1      147       43      235      283
     265        1      236       44       93      269
     266        1      236       44       93      197
     267        1      148       44       93      269
     268        1      148       44       93      197
     269        1       93       44      236      101
     270        1       93       44      236      284
     271        1      148       44      236      101
     272        1      148       44      236      284
     273        1      237       45       92      268
     274        1      237       45       92      196
     275        1      149       45       92      268
     276        1      149       45       92      196
     277        1       92       45      237      100
     278        1       92       45      237      285
     279        1      149       45      237      100
     280        1      149       45      237      285
     281        1      238       46       91      267
     282        1      238       46       91      195
     283        1      150       46       91      267
     284        1      150       46       91      195
     285        1       91       46      238       99
     286        1       91       46      238      286
     287        1      150       46      238       99
     288        1      150       46      238      286
     289        1      239       47       90      266
     290        1      239       47       90      194
     291        1      151       47       90      266
     292        1      151       47       90      194
     293        1       90       47      239       98
     294        1       90       47      239      287
     295        1      151       47      239       98
     296        1      151       47      239      287
     297        1      240       48       89      265
     298        1      240       48       89      193
     299        1      152       48       89      265
     300        1      152       48       89      193
     301        1       89       48      240       97
     302        1       89       48      240      288
     303        1      152       48      240       97
     304        1      152       48      240      288
     305        1      241       49       71      255
     306        1      241       49       71      175
     307        1      153       49       71      255
     308        1      153       49       71      175
     309        1       71       49      241       63
     310        1       71       49      241      281
     311        1      153       49      241       63
     312        1      153       49      241      281
     313        1      242       50       72      256
     314        1      242       50       72      176
     315        1      154       50       72      256
     316        1      154       50       72      176
     317        1       72       50      242       64
     318        1       72       50      242      282
     319        1      154       50      242       64
     320        1      154       50      242      282
     321        1      243       51       69      253
     322        1      243       51       69      173
     323        1      155       51       69      253
     324        1      155       51       69      173
     325        1       69       51      243       61
     326        1       69       51      243      283
     327        1      155       51      243       61
     328        1      155       51      243      283
     329        1      244       52       70      254
     330        1      244       52       70      174
     331        1      156       52       70      254
     332        1      156       52       70      174
     333        1       70       52      244       62
     334        1       70       52      244      284
     335        1      156       52      244       62
     336        1      156       52      244      284
     337        1      245       53       67      251
     338        1      245       53       67      171
     339        1      157       53       67      251
     340        1      157       53       67      171
     341        1       67       53      245       59
     342        1       67       53      245      285
     343        1      157       53      245       59
     344        1      157       53      245      285
     345        1      246       54       68      252
     346        1      246       54       68      172
     347        1      158       54       68      252
     348        1      158       54       68      172
     349        1       68       54      246       60
     350        1       68       54      246      286
     351        1      158       54      246       60
     352        1      158       54      246      286
     353        1      247       55       65      249
     354        1      247       55       65      169
     355        1      159       55       65      249
     356        1      159       55       65      169
     357        1       65       55      247       57
     358        1       65       55      247      287
     359        1      159       55      247       57
     360        1      159       55      247      287
     361        1      248       56       66      250
     362        1      248       56       66      170
     363        1      160       56       66      250
     364        1      160       56       66      170
     365        1       66       56      248       58
     366        1       66       56      248      288
     367        1      160       56      248       58
     368        1      160       56      248      288
     369        1      249       57      247       55
     370        1      249       57      247      287
     371        1      161       57      247       55
     372        1      161       57      247      287
     373        1      247       57      249       65
     374        1      247       57      249      289
     375        1      161       57      249       65
     376        1      161       57      249      289
     377        1      250       58      248       56
     378        1      250       58      248      288
     379        1      162       58      248       56
     380        1      162       58      248      288
     381        1      248       58      250       66
     382        1      248       58      250      290
     383        1      162       58      250       66
     384        1      162       58      250      290
     385        1      251       59      245       53
     386        1      251       59      245      285
     387        1      163       59      245       53
     388        1      163       59      245      285
     389        1      245       59      251       67
     390        1      245       59      251      291
     391        1      163       59      251       67
     392        1      163       59      251      291
     393        1      252       60      246       54
     394        1      252       60      246      286
     395        1      164       60      246       54
     396        1      164       60      246      286
     397        1      246       60      252       68
     398        1      246       60      252      292
     399        1      164       60      252       68
     400        1      164       60      252      292
     401        1      253       61      243       51
     402        1      253       61      243      283
     403        1      165       61      243       51
     404        1      165       61      243      283
     405        1      243       61      253       69
     406        1      243       61      253      293
     407        1      165       61      253       69
     408        1      165       61      253      293
     409        1      254       62      244       52
     410        1      254       62      244      284
     411        1      166       62      244       52
     412        1      166       62      244      284
     413        1      244       62      254       70
     414        1      244       62      254      294
     415        1      166       62      254       70
     416        1      166       62      254      294
     417        1      255       63      241       49
     418        1      255       63      241      281
     419        1      167       63      241       49
     420        1      167       63      241      281
     421        1      241       63      255       71
     422        1      241       63      255      295
     423        1      167       63      255       71
     424        1      167       63      255      295
     425        1      256       64      242       50
     426        1      256       64      242      282
     427        1      168       64      242       50
     428        1      168       64      242      282
     429        1      242       64      256       72
     430        1      242       64      256      296
     431        1      168       64      256       72
     432        1      168       64      256      296
     433        1       55       65      249       57
     434        1       55       65      249      289
     435        1      169       65      249       57
     436        1      169       65      249      289
     437        1       56       66      250       58
     438        1       56       66      250      290
     439        1      170       66      250       58
     440        1      170       66      250      290
     441        1       53       67      251       59
     442        1       53       67      251      291
     443        1      171       67      251       59
     444        1      171       67      251      291
     445        1       54       68      252       60
     446        1       54       68      252      292
     447        1      172       68      252       60
     448        1      172       68      252      292
     449        1       51       69      253       61
     450        1       51       69      253      293
     451        1      173       69      253       61
     452        1      173       69      253      293
     453        1       52       70      254       62
     454        1       52       70      254      294
     455        1      174       70      254       62
     456        1      174       70      254      294
     457        1       49       71      255       63
     458        1       49       71      255      295
     459        1      175       71      255       63
     460        1      175       71      255      295
     461        1       50       72      256       64
     462        1       50       72      256      296
     463        1      176       72      256       64
     464        1      176       72      256      296
     465        1      257       73      228       36
     466        1      257       73      228      284
     467        1      177       73      228       36
     468        1      177       73      228      284
     469        1      228       73      257       81
     470        1      228       73      257      289
     471        1      177       73      257       81
     472        1      177       73      257      289
     473        1      258       74      227       35
     474        1      258       74      227      283
     475        1      178       74      227       35
     476        1      178       74      227      283
     477        1      227       74      258       82
     478        1      227       74      258      290
     479        1      178       74      258       82
     480        1      178       74      258      290
     481        1      259       75      226       34
     482        1      259       75      226      282
     483        1      179       75      226       34
     484        1      179       75      226      282
     485        1      226       75      259       83
     486        1      226       75      259      291
     487        1      179       75      259       83
     488        1      179       75      259      291
     489        1      260       76      225       33
     490        1      260       76      225      281
     491        1      180       76      225       33
     492        1      180       76      225      281
     493        1      225       76      260       84
     494        1      225       76      260      292
     495        1      180       76      260       84
     496        1      180       76      260      292
     497        1      261       77      232       40
     498        1      261       77      232      288
     499        1      181       77      232       40
     500        1      181       77      232      288
     501        1      232       77      261       85
     502        1      232       77      261      293
     503        1      181       77      261       85
     504        1      181       77      261      293
     505        1      262       78      231       39
     506        1      262       78      231      287
     507        1      182       78      231       39
     508        1      182       78      231      287
     509        1      231       78      262       86
     510        1      231       78      262      294
     511        1      182       78      262       86
     512        1      182       78      262      294
     513        1      263       79      230       38
     514        1      263       79      230      286
     515        1      183       79      230       38
     516        1      183       79      230      286
     517        1      230       79      263       87
     518        1      230       79      263      295
     519        1      183       79      263       87
     520        1      183       79      263      295
     521        1      264       80      229       37
     522        1      264       80      229      285
     523        1      184       80      229       37
     524        1      184       80      229      285
     525        1      229       80      264       88
     526        1      229       80      264      296
     527        1      184       80      264       88
     528        1      184       80      264      296
     529        1       36       81      257       73
     530        1       36       81      257      289
     531        1      185       81      257       73
     532        1      185       81      257      289
     533        1       35       82      258       74
     534        1       35       82      258      290
     535        1      186       82      258       74
     536        1      186       82      258      290
     537        1       34       83      259       75
     538        1       34       83      259      291
     539        1      187       83      259       75
     540        1      187       83      259      291
     541        1       33       84      260       76
     542        1       33       84      260      292
     543        1      188       84      260       76
     544        1      188       84      260      292
     545        1       40       85      261       77
     546        1       40       85      261      293
     547        1      189       85      261       77
     548        1      189       85      261      293
     549        1       39       86      262       78
     550        1       39       86      262      294
     551        1      190       86      262       78
     552        1      190       86      262      294
     553        1       38       87      263       79
     554        1       38       87      263      295
     555        1      191       87      263       79
     556        1      191       87      263      295
     557        1       37       88      264       80
     558        1       37       88      264      296
     559        1      192       88      264       80
     560        1      192       88      264      296
     561        1       48       89      265       97
     562        1       48       89      265      289
     563        1      193       89      265       97
     564        1      193       89      265      289
     565        1       47       90      266       98
     566        1       47       90      266      290
     567        1      194       90      266       98
     568        1      194       90      266      290
     569        1       46       91      267       99
     570        1       46       91      267      291
     571        1      195       91      267       99
     572        1      195       91      267      291
     573        1       45       92      268      100
     574        1       45       92      268      292
     575        1      196       92      268      100
     576        1      196       92      268      292
     577        1       44       93      269      101
     578        1       44       93      269      293
     579        1      197       93      269      101
     580        1      197       93      269      293
     581        1       43       94      270      102
     582        1       43       94      270      294
     583        1      198       94      270      102
     584        1      198       94      270      294
     585        1       42       95      271      103
     586        1       42       95      271      295
     587        1      199       95      271      103
     588        1      199       95      271      295
     589        1       41       96      272      104
     590        1       41       96      272      296
     591        1      200       96      272      104
     592        1      200       96      272      296
     593        1      265       97      240       48
     594        1      265       97      240      288
     595        1      201       97      240       48
     596        1      201       97      240      288
     597        1      240       97      265       89
     598        1      240       97      265      289
     599        1      201       97      265       89
     600        1      201       97      265      289
     601        1      266       98      239       47
     602        1      266       98      239      287
     603        1      202       98      239       47
     604        1      202       98      239      287
     605        1      239       98      266       90
     606        1      239       98      266      290
     607        1      202       98      266       90
     608        1      202       98      266      290
     609        1      267       99      238       46
     610        1      267       99      238      286
     611        1      203       99      238       46
     612        1      203       99      238      286
     613        1      238       99      267       91
     614        1      238       99      267      291
     615        1      203       99      267       91
     616        1      203       99      267      291
     617        1      268      100      237       45
     618        1      268      100      237      285
     619        1      204      100      237       45
     620        1      204      100      237      285
     621        1      237      100      268       92
     622        1      237      100      268      292
     623        1      204      100      268       92
     624        1      204      100      268      292
     625        1      269      101      236       44
     626        1      269      101      236      284
     627        1      205      101      236       44
     628        1      205      101      236      284
     629        1      236      101      269       93
     630        1      236      101      269      293
     631        1      205      101      269       93
     632        1      205      101      269      293
     633        1      270      102      235       43
     634        1      270      102      235      283
     635        1      206      102      235       43
     636        1      206      102      235      283
     637        1      235      102      270       94
     638        1      235      102      270      294
     639        1      206      102      270       94
     640        1      206      102      270      294
     641        1      271      103      234       42
     642        1      271      103      234      282
     643        1      207      103      234       42
     644        1      207      103      234      282
     645        1      234      103      271       95
     646        1      234      103      271      295
     647        1      207      103      271       95
     648        1      207      103      271      295
     649        1      272      104      233       41
     650        1      272      104      233      281
     651        1      208      104      233       41
     652        1      208      104      233      281
     653        1      233      104      272       96
     654        1      233      104      272      296
     655        1      208      104      272       96
     656        1      208      104      272      296
     657        1      273      105      217        1
     658        1      273      105      217      281
     659        1      209      105      217        1
     660        1      209      105      217      281
     661        1      217      105      273       25
     662        1      217      105      273      289
     663        1      209      105      273       25
     664        1      209      105      273      289
     665        1      274      106      218        2
     666        1      274      106      218      282
     667        1      210      106      218        2
     668        1      210      106      218      282
     669        1      218      106      274       26
     670        1      218      106      274      290
     671        1      210      106      274       26
     672        1      210      106      274      290
     673        1      275      107      219        3
     674        1      275      107      219      283
     675        1      211      107      219        3
     676        1      211      107      219      283
     677        1      219      107      275       27
     678        1      219      107      275      291
     679        1      211      107      275       27
     680        1      211      107      275      291
     681        1      276      108      220        4
     682        1      276      108      220      284
     683        1      212      108      220        4
     684        1      212      108      220      284
     685        1      220      108      276       28
     686        1      220      108      276      292
     687        1      212      108      276       28
     688        1      212      108      276      292
     689        1      277      109      221        5
     690        1      277      109      221      285
     691        1      213      109      221        5
     692        1      213      109      221      285
     693        1      221      109      277       29
     694        1      221      109      277      293
     695        1      213      109      277       29
     696        1      213      109      277      293
     697        1      278      110      222        6
     698        1      278      110      222      286
     699        1      214      110      222        6
     700        1      214      110      222      286
     701        1      222      110      278       30
     702        1      222      110      278      294
     703        1      214      110      278       30
     704        1      214      110      278      294
     705        1      279      111      223        7
     706        1      279      111      223      287
     707        1      215      111      223        7
     708        1      215      111      223      287
     709        1      223      111      279       31
     710        1      223      111      279      295
     711        1      215      111      279       31
     712        1      215      111      279      295
     713        1      280      112      224        8
     714        1      280      112      224      288
     715        1      216      112      224        8
     716        1      216      112      224      288
     717        1      224      112      280       32
     718        1      224      112      280      296
     719        1      216      112      280       32
     720        1      216      112      280      296
