Impropers

       1        1       25        1      217      117
       2        1      217        1       25      117
       3        1      117        1       25      217
       4        1        9        2       26      218
       5        1       26        2        9      218
       6        1      218        2        9       26
       7        1       10        3       27      219
       8        1       27        3       10      219
       9        1      219        3       10       27
      10        1       28        4      220      120
      11        1      220        4       28      120
      12        1      120        4       28      220
      13        1       11        5       29      221
      14        1       29        5       11      221
      15        1      221        5       11       29
      16        1       30        6      222      115
      17        1      222        6       30      115
      18        1      115        6       30      222
      19        1       31        7      223      114
      20        1      223        7       31      114
      21        1      114        7       31      223
      22        1       12        8       32      224
      23        1       32        8       12      224
      24        1      224        8       12       32
      25        1        2        9       13      121
      26        1       13        9        2      121
      27        1      121        9        2       13
      28        1        3       10       14      122
      29        1       14       10        3      122
      30        1      122       10        3       14
      31        1        5       11       15      123
      32        1       15       11        5      123
      33        1      123       11        5       15
      34        1        8       12       16      124
      35        1       16       12        8      124
      36        1      124       12        8       16
      37        1        9       13       17      125
      38        1       17       13        9      125
      39        1      125       13        9       17
      40        1       10       14       18      126
      41        1       18       14       10      126
      42        1      126       14       10       18
      43        1       11       15       19      127
      44        1       19       15       11      127
      45        1      127       15       11       19
      46        1       12       16       20      128
      47        1       20       16       12      128
      48        1      128       16       12       20
      49        1       13       17       21      129
      50        1       21       17       13      129
      51        1      129       17       13       21
      52        1       14       18       22      130
      53        1       22       18       14      130
      54        1      130       18       14       22
      55        1       15       19       23      131
      56        1       23       19       15      131
      57        1      131       19       15       23
      58        1       16       20       24      132
      59        1       24       20       16      132
      60        1      132       20       16       24
      61        1       17       21       26      133
      62        1       26       21       17      133
      63        1      133       21       17       26
      64        1       18       22       27      134
      65        1       27       22       18      134
      66        1      134       22       18       27
      67        1       19       23       29      135
      68        1       29       23       19      135
      69        1      135       23       19       29
      70        1       20       24       32      136
      71        1       32       24       20      136
      72        1      136       24       20       32
      73        1        1       25      273      118
      74        1      273       25        1      118
      75        1      118       25        1      273
      76        1        2       26       21      274
      77        1       21       26        2      274
      78        1      274       26        2       21
      79        1        3       27       22      275
      80        1       22       27        3      275
      81        1      275       27        3       22
      82        1        4       28      276      119
      83        1      276       28        4      119
      84        1      119       28        4      276
      85        1        5       29       23      277
      86        1       23       29        5      277
      87        1      277       29        5       23
      88        1        6       30      278      116
      89        1      278       30        6      116
      90        1      116       30        6      278
      91        1        7       31      279      113
      92        1      279       31        7      113
      93        1      113       31        7      279
      94        1        8       32       24      280
      95        1       24       32        8      280
      96        1      280       32        8       24
      97        1       84       33      225      137
      98        1      225       33       84      137
      99        1      137       33       84      225
     100        1       83       34      226      138
     101        1      226       34       83      138
     102        1      138       34       83      226
     103        1       82       35      227      139
     104        1      227       35       82      139
     105        1      139       35       82      227
     106        1       81       36      228      140
     107        1      228       36       81      140
     108        1      140       36       81      228
     109        1       88       37      229      141
     110        1      229       37       88      141
     111        1      141       37       88      229
     112        1       87       38      230      142
     113        1      230       38       87      142
     114        1      142       38       87      230
     115        1       86       39      231      143
     116        1      231       39       86      143
     117        1      143       39       86      231
     118        1       85       40      232      144
     119        1      232       40       85      144
     120        1      144       40       85      232
     121        1       96       41      233      145
     122        1      233       41       96      145
     123        1      145       41       96      233
     124        1       95       42      234      146
     125        1      234       42       95      146
     126        1      146       42       95      234
     127        1       94       43      235      147
     128        1      235       43       94      147
     129        1      147       43       94      235
     130        1       93       44      236      148
     131        1      236       44       93      148
     132        1      148       44       93      236
     133        1       92       45      237      149
     134        1      237       45       92      149
     135        1      149       45       92      237
     136        1       91       46      238      150
     137        1      238       46       91      150
     138        1      150       46       91      238
     139        1       90       47      239      151
     140        1      239       47       90      151
     141        1      151       47       90      239
     142        1       89       48      240      152
     143        1      240       48       89      152
     144        1      152       48       89      240
     145        1       71       49      241      153
     146        1      241       49       71      153
     147        1      153       49       71      241
     148        1       72       50      242      154
     149        1      242       50       72      154
     150        1      154       50       72      242
     151        1       69       51      243      155
     152        1      243       51       69      155
     153        1      155       51       69      243
     154        1       70       52      244      156
     155        1      244       52       70      156
     156        1      156       52       70      244
     157        1       67       53      245      157
     158        1      245       53       67      157
     159        1      157       53       67      245
     160        1       68       54      246      158
     161        1      246       54       68      158
     162        1      158       54       68      246
     163        1       65       55      247      159
     164        1      247       55       65      159
     165        1      159       55       65      247
     166        1       66       56      248      160
     167        1      248       56       66      160
     168        1      160       56       66      248
     169        1      247       57      249      161
     170        1      249       57      247      161
     171        1      161       57      247      249
     172        1      248       58      250      162
     173        1      250       58      248      162
     174        1      162       58      248      250
     175        1      245       59      251      163
     176        1      251       59      245      163
     177        1      163       59      245      251
     178        1      246       60      252      164
     179        1      252       60      246      164
     180        1      164       60      246      252
     181        1      243       61      253      165
     182        1      253       61      243      165
     183        1      165       61      243      253
     184        1      244       62      254      166
     185        1      254       62      244      166
     186        1      166       62      244      254
     187        1      241       63      255      167
     188        1      255       63      241      167
     189        1      167       63      241      255
     190        1      242       64      256      168
     191        1      256       64      242      168
     192        1      168       64      242      256
     193        1       55       65      249      169
     194        1      249       65       55      169
     195        1      169       65       55      249
     196        1       56       66      250      170
     197        1      250       66       56      170
     198        1      170       66       56      250
     199        1       53       67      251      171
     200        1      251       67       53      171
     201        1      171       67       53      251
     202        1       54       68      252      172
     203        1      252       68       54      172
     204        1      172       68       54      252
     205        1       51       69      253      173
     206        1      253       69       51      173
     207        1      173       69       51      253
     208        1       52       70      254      174
     209        1      254       70       52      174
     210        1      174       70       52      254
     211        1       49       71      255      175
     212        1      255       71       49      175
     213        1      175       71       49      255
     214        1       50       72      256      176
     215        1      256       72       50      176
     216        1      176       72       50      256
     217        1      228       73      257      177
     218        1      257       73      228      177
     219        1      177       73      228      257
     220        1      227       74      258      178
     221        1      258       74      227      178
     222        1      178       74      227      258
     223        1      226       75      259      179
     224        1      259       75      226      179
     225        1      179       75      226      259
     226        1      225       76      260      180
     227        1      260       76      225      180
     228        1      180       76      225      260
     229        1      232       77      261      181
     230        1      261       77      232      181
     231        1      181       77      232      261
     232        1      231       78      262      182
     233        1      262       78      231      182
     234        1      182       78      231      262
     235        1      230       79      263      183
     236        1      263       79      230      183
     237        1      183       79      230      263
     238        1      229       80      264      184
     239        1      264       80      229      184
     240        1      184       80      229      264
     241        1       36       81      257      185
     242        1      257       81       36      185
     243        1      185       81       36      257
     244        1       35       82      258      186
     245        1      258       82       35      186
     246        1      186       82       35      258
     247        1       34       83      259      187
     248        1      259       83       34      187
     249        1      187       83       34      259
     250        1       33       84      260      188
     251        1      260       84       33      188
     252        1      188       84       33      260
     253        1       40       85      261      189
     254        1      261       85       40      189
     255        1      189       85       40      261
     256        1       39       86      262      190
     257        1      262       86       39      190
     258        1      190       86       39      262
     259        1       38       87      263      191
     260        1      263       87       38      191
     261        1      191       87       38      263
     262        1       37       88      264      192
     263        1      264       88       37      192
     264        1      192       88       37      264
     265        1       48       89      265      193
     266        1      265       89       48      193
     267        1      193       89       48      265
     268        1       47       90      266      194
     269        1      266       90       47      194
     270        1      194       90       47      266
     271        1       46       91      267      195
     272        1      267       91       46      195
     273        1      195       91       46      267
     274        1       45       92      268      196
     275        1      268       92       45      196
     276        1      196       92       45      268
     277        1       44       93      269      197
     278        1      269       93       44      197
     279        1      197       93       44      269
     280        1       43       94      270      198
     281        1      270       94       43      198
     282        1      198       94       43      270
     283        1       42       95      271      199
     284        1      271       95       42      199
     285        1      199       95       42      271
     286        1       41       96      272      200
     287        1      272       96       41      200
     288        1      200       96       41      272
     289        1      240       97      265      201
     290        1      265       97      240      201
     291        1      201       97      240      265
     292        1      239       98      266      202
     293        1      266       98      239      202
     294        1      202       98      239      266
     295        1      238       99      267      203
     296        1      267       99      238      203
     297        1      203       99      238      267
     298        1      237      100      268      204
     299        1      268      100      237      204
     300        1      204      100      237      268
     301        1      236      101      269      205
     302        1      269      101      236      205
     303        1      205      101      236      269
     304        1      235      102      270      206
     305        1      270      102      235      206
     306        1      206      102      235      270
     307        1      234      103      271      207
     308        1      271      103      234      207
     309        1      207      103      234      271
     310        1      233      104      272      208
     311        1      272      104      233      208
     312        1      208      104      233      272
     313        1      217      105      273      209
     314        1      273      105      217      209
     315        1      209      105      217      273
     316        1      218      106      274      210
     317        1      274      106      218      210
     318        1      210      106      218      274
     319        1      219      107      275      211
     320        1      275      107      219      211
     321        1      211      107      219      275
     322        1      220      108      276      212
     323        1      276      108      220      212
     324        1      212      108      220      276
     325        1      221      109      277      213
     326        1      277      109      221      213
     327        1      213      109      221      277
     328        1      222      110      278      214
     329        1      278      110      222      214
     330        1      214      110      222      278
     331        1      223      111      279      215
     332        1      279      111      223      215
     333        1      215      111      223      279
     334        1      224      112      280      216
     335        1      280      112      224      216
     336        1      216      112      224      280
     337        1        1      217      105      281
     338        1      105      217        1      281
     339        1      281      217        1      105
     340        1        2      218      106      282
     341        1      106      218        2      282
     342        1      282      218        2      106
     343        1        3      219      107      283
     344        1      107      219        3      283
     345        1      283      219        3      107
     346        1        4      220      108      284
     347        1      108      220        4      284
     348        1      284      220        4      108
     349        1        5      221      109      285
     350        1      109      221        5      285
     351        1      285      221        5      109
     352        1        6      222      110      286
     353        1      110      222        6      286
     354        1      286      222        6      110
     355        1        7      223      111      287
     356        1      111      223        7      287
     357        1      287      223        7      111
     358        1        8      224      112      288
     359        1      112      224        8      288
     360        1      288      224        8      112
     361        1       33      225       76      281
     362        1       76      225       33      281
     363        1      281      225       33       76
     364        1       34      226       75      282
     365        1       75      226       34      282
     366        1      282      226       34       75
     367        1       35      227       74      283
     368        1       74      227       35      283
     369        1      283      227       35       74
     370        1       36      228       73      284
     371        1       73      228       36      284
     372        1      284      228       36       73
     373        1       37      229       80      285
     374        1       80      229       37      285
     375        1      285      229       37       80
     376        1       38      230       79      286
     377        1       79      230       38      286
     378        1      286      230       38       79
     379        1       39      231       78      287
     380        1       78      231       39      287
     381        1      287      231       39       78
     382        1       40      232       77      288
     383        1       77      232       40      288
     384        1      288      232       40       77
     385        1       41      233      104      281
     386        1      104      233       41      281
     387        1      281      233       41      104
     388        1       42      234      103      282
     389        1      103      234       42      282
     390        1      282      234       42      103
     391        1       43      235      102      283
     392        1      102      235       43      283
     393        1      283      235       43      102
     394        1       44      236      101      284
     395        1      101      236       44      284
     396        1      284      236       44      101
     397        1       45      237      100      285
     398        1      100      237       45      285
     399        1      285      237       45      100
     400        1       46      238       99      286
     401        1       99      238       46      286
     402        1      286      238       46       99
     403        1       47      239       98      287
     404        1       98      239       47      287
     405        1      287      239       47       98
     406        1       48      240       97      288
     407        1       97      240       48      288
     408        1      288      240       48       97
     409        1       49      241       63      281
     410        1       63      241       49      281
     411        1      281      241       49       63
     412        1       50      242       64      282
     413        1       64      242       50      282
     414        1      282      242       50       64
     415        1       51      243       61      283
     416        1       61      243       51      283
     417        1      283      243       51       61
     418        1       52      244       62      284
     419        1       62      244       52      284
     420        1      284      244       52       62
     421        1       53      245       59      285
     422        1       59      245       53      285
     423        1      285      245       53       59
     424        1       54      246       60      286
     425        1       60      246       54      286
     426        1      286      246       54       60
     427        1       55      247       57      287
     428        1       57      247       55      287
     429        1      287      247       55       57
     430        1       56      248       58      288
     431        1       58      248       56      288
     432        1      288      248       56       58
     433        1       57      249       65      289
     434        1       65      249       57      289
     435        1      289      249       57       65
     436        1       58      250       66      290
     437        1       66      250       58      290
     438        1      290      250       58       66
     439        1       59      251       67      291
     440        1       67      251       59      291
     441        1      291      251       59       67
     442        1       60      252       68      292
     443        1       68      252       60      292
     444        1      292      252       60       68
     445        1       61      253       69      293
     446        1       69      253       61      293
     447        1      293      253       61       69
     448        1       62      254       70      294
     449        1       70      254       62      294
     450        1      294      254       62       70
     451        1       63      255       71      295
     452        1       71      255       63      295
     453        1      295      255       63       71
     454        1       64      256       72      296
     455        1       72      256       64      296
     456        1      296      256       64       72
     457        1       73      257       81      289
     458        1       81      257       73      289
     459        1      289      257       73       81
     460        1       74      258       82      290
     461        1       82      258       74      290
     462        1      290      258       74       82
     463        1       75      259       83      291
     464        1       83      259       75      291
     465        1      291      259       75       83
     466        1       76      260       84      292
     467        1       84      260       76      292
     468        1      292      260       76       84
     469        1       77      261       85      293
     470        1       85      261       77      293
     471        1      293      261       77       85
     472        1       78      262       86      294
     473        1       86      262       78      294
     474        1      294      262       78       86
     475        1       79      263       87      295
     476        1       87      263       79      295
     477        1      295      263       79       87
     478        1       80      264       88      296
     479        1       88      264       80      296
     480        1      296      264       80       88
     481        1       89      265       97      289
     482        1       97      265       89      289
     483        1      289      265       89       97
     484        1       90      266       98      290
     485        1       98      266       90      290
     486        1      290      266       90       98
     487        1       91      267       99      291
     488        1       99      267       91      291
     489        1      291      267       91       99
     490        1       92      268      100      292
     491        1      100      268       92      292
     492        1      292      268       92      100
     493        1       93      269      101      293
     494        1      101      269       93      293
     495        1      293      269       93      101
     496        1       94      270      102      294
     497        1      102      270       94      294
     498        1      294      270       94      102
     499        1       95      271      103      295
     500        1      103      271       95      295
     501        1      295      271       95      103
     502        1       96      272      104      296
     503        1      104      272       96      296
     504        1      296      272       96      104
     505        1       25      273      105      289
     506        1      105      273       25      289
     507        1      289      273       25      105
     508        1       26      274      106      290
     509        1      106      274       26      290
     510        1      290      274       26      106
     511        1       27      275      107      291
     512        1      107      275       27      291
     513        1      291      275       27      107
     514        1       28      276      108      292
     515        1      108      276       28      292
     516        1      292      276       28      108
     517        1       29      277      109      293
     518        1      109      277       29      293
     519        1      293      277       29      109
     520        1       30      278      110      294
     521        1      110      278       30      294
     522        1      294      278       30      110
     523        1       31      279      111      295
     524        1      111      279       31      295
     525        1      295      279       31      111
     526        1       32      280      112      296
     527        1      112      280       32      296
     528        1      296      280       32      112
