4  1  25
2  1  117
3  1  217
4  2  9
4  2  26
3  2  218
3  3  219
4  3  10
4  3  27
4  4  28
2  4  120
3  4  220
4  5  11
4  5  29
3  5  221
4  6  30
3  6  222
2  6  115
4  7  31
3  7  223
2  7  114
3  8  224
4  8  12
4  8  32
4  9  13
2  9  121
2  10  122
4  10  14
4  11  15
2  11  123
2  12  124
4  12  16
2  13  125
4  13  17
4  14  18
2  14  126
2  15  127
4  15  19
4  16  20
2  16  128
4  17  21
2  17  129
4  18  22
2  18  130
2  19  131
4  19  23
4  20  24
2  20  132
4  21  26
2  21  133
4  22  27
2  22  134
4  23  29
2  23  135
4  24  32
2  24  136
2  25  118
3  25  273
3  26  274
3  27  275
2  28  119
3  28  276
3  29  277
2  30  116
3  30  278
2  31  113
3  31  279
3  32  280
2  33  137
3  33  225
4  33  84
4  34  83
2  34  138
3  34  226
4  35  82
2  35  139
3  35  227
4  36  81
2  36  140
3  36  228
4  37  88
3  37  229
2  37  141
2  38  142
3  38  230
4  38  87
4  39  86
2  39  143
3  39  231
3  40  232
4  40  85
2  40  144
4  41  96
3  41  233
2  41  145
2  42  146
3  42  234
4  42  95
3  43  235
4  43  94
2  43  147
2  44  148
4  44  93
3  44  236
4  45  92
2  45  149
3  45  237
3  46  238
4  46  91
2  46  150
2  47  151
4  47  90
3  47  239
3  48  240
4  48  89
2  48  152
4  49  71
2  49  153
3  49  241
4  50  72
2  50  154
3  50  242
4  51  69
3  51  243
2  51  155
2  52  156
4  52  70
3  52  244
2  53  157
4  53  67
3  53  245
4  54  68
3  54  246
2  54  158
2  55  159
4  55  65
3  55  247
4  56  66
3  56  248
2  56  160
2  57  161
3  57  247
3  57  249
2  58  162
3  58  248
3  58  250
2  59  163
3  59  251
3  59  245
3  60  246
2  60  164
3  60  252
2  61  165
3  61  243
3  61  253
2  62  166
3  62  244
3  62  254
3  63  241
2  63  167
3  63  255
2  64  168
3  64  256
3  64  242
3  65  249
2  65  169
2  66  170
3  66  250
3  67  251
2  67  171
2  68  172
3  68  252
2  69  173
3  69  253
3  70  254
2  70  174
2  71  175
3  71  255
3  72  256
2  72  176
2  73  177
3  73  257
3  73  228
3  74  227
3  74  258
2  74  178
3  75  259
2  75  179
3  75  226
3  76  225
2  76  180
3  76  260
3  77  232
2  77  181
3  77  261
3  78  262
2  78  182
3  78  231
3  79  230
3  79  263
2  79  183
2  80  184
3  80  264
3  80  229
3  81  257
2  81  185
2  82  186
3  82  258
2  83  187
3  83  259
3  84  260
2  84  188
2  85  189
3  85  261
2  86  190
3  86  262
2  87  191
3  87  263
3  88  264
2  88  192
2  89  193
3  89  265
2  90  194
3  90  266
2  91  195
3  91  267
3  92  268
2  92  196
2  93  197
3  93  269
2  94  198
3  94  270
3  95  271
2  95  199
2  96  200
3  96  272
2  97  201
3  97  240
3  97  265
3  98  266
2  98  202
3  98  239
3  99  238
2  99  203
3  99  267
3  100  268
2  100  204
3  100  237
3  101  269
2  101  205
3  101  236
3  102  235
2  102  206
3  102  270
3  103  271
2  103  207
3  103  234
3  104  233
2  104  208
3  104  272
3  105  217
2  105  209
3  105  273
2  106  210
3  106  274
3  106  218
2  107  211
3  107  219
3  107  275
3  108  276
3  108  220
2  108  212
2  109  213
3  109  221
3  109  277
2  110  214
3  110  222
3  110  278
3  111  279
2  111  215
3  111  223
2  112  216
3  112  224
3  112  280
1  217  281
1  218  282
1  219  283
1  220  284
1  221  285
1  222  286
1  223  287
1  224  288
1  225  281
1  226  282
1  227  283
1  228  284
1  229  285
1  230  286
1  231  287
1  232  288
1  233  281
1  234  282
1  235  283
1  236  284
1  237  285
1  238  286
1  239  287
1  240  288
1  241  281
1  242  282
1  243  283
1  244  284
1  245  285
1  246  286
1  247  287
1  248  288
1  249  289
1  250  290
1  251  291
1  252  292
1  253  293
1  254  294
1  255  295
1  256  296
1  257  289
1  258  290
1  259  291
1  260  292
1  261  293
1  262  294
1  263  295
1  264  296
1  265  289
1  266  290
1  267  291
1  268  292
1  269  293
1  270  294
1  271  295
1  272  296
1  273  289
1  274  290
1  275  291
1  276  292
1  277  293
1  278  294
1  279  295
1  280  296
