1  1  210
1  1  212
1  1  214
1  1  216
1  2  235
1  2  255
1  2  269
1  2  209
1  3  220
1  3  222
1  3  224
1  3  218
1  4  217
1  4  261
1  4  227
1  4  247
1  5  230
1  5  232
1  5  228
1  5  226
1  6  253
1  6  225
1  6  271
1  6  219
1  7  234
1  7  238
1  7  240
1  7  236
1  8  211
1  8  263
1  8  233
1  8  245
1  9  246
1  9  248
1  9  244
1  9  242
1  10  241
1  10  237
1  10  223
1  10  267
1  11  250
1  11  254
1  11  256
1  11  252
1  12  215
1  12  259
1  12  229
1  12  249
1  13  258
1  13  260
1  13  262
1  13  264
1  14  251
1  14  239
1  14  257
1  14  221
1  15  268
1  15  270
1  15  272
1  15  266
1  16  213
1  16  265
1  16  231
1  16  243
2  17  113
2  18  114
2  19  115
2  20  116
2  21  117
2  22  118
2  23  119
2  24  120
2  25  121
2  26  122
2  27  123
2  28  124
2  29  125
2  30  126
2  31  127
2  32  128
2  33  129
2  34  130
2  35  131
2  36  132
2  37  133
2  38  134
2  39  135
2  40  136
2  41  137
2  42  138
2  43  139
2  44  140
2  45  141
2  46  142
2  47  143
2  48  144
2  49  145
2  50  146
2  51  147
2  52  148
2  53  149
2  54  150
2  55  151
2  56  152
2  57  153
2  58  154
2  59  155
2  60  156
2  61  157
2  62  158
2  63  159
2  64  160
2  65  161
2  66  162
2  67  163
2  68  164
2  69  165
2  70  166
2  71  167
2  72  168
2  73  169
2  74  170
2  75  171
2  76  172
2  77  173
2  78  174
2  79  175
2  80  176
2  81  177
2  82  178
2  83  179
2  84  180
2  85  181
2  86  182
2  87  183
2  88  184
2  89  185
2  90  186
2  91  187
2  92  188
2  93  189
2  94  190
2  95  191
2  96  192
2  97  193
2  98  194
2  99  195
2  100  196
2  101  197
2  102  198
2  103  199
2  104  200
2  105  201
2  106  202
2  107  203
2  108  204
2  109  205
2  110  206
2  111  207
2  112  208
3  113  209
3  113  210
4  114  115
3  114  210
3  115  209
3  116  211
3  116  212
4  117  118
3  117  212
3  118  211
3  119  214
3  119  213
3  120  214
4  120  121
3  121  213
3  122  215
3  122  216
4  123  124
3  123  215
3  124  216
3  125  217
3  125  218
4  126  127
3  126  218
3  127  217
3  128  219
3  128  220
4  129  130
3  129  220
3  130  219
3  131  221
3  131  222
4  132  133
3  132  222
3  133  221
3  134  224
3  134  223
4  135  136
3  135  223
3  136  224
3  137  225
3  137  226
4  138  139
3  138  226
3  139  225
3  140  227
3  140  228
4  141  142
3  141  228
3  142  227
3  143  230
3  143  229
3  144  230
4  144  145
3  145  229
3  146  231
3  146  232
3  147  231
4  147  148
3  148  232
3  149  233
3  149  234
4  150  151
3  150  234
3  151  233
3  152  236
3  152  235
3  153  236
4  153  154
3  154  235
3  155  237
3  155  238
4  156  157
3  156  238
3  157  237
3  158  240
3  158  239
4  159  160
3  159  239
3  160  240
3  161  241
3  161  242
4  162  163
3  162  242
3  163  241
3  164  244
3  164  243
3  165  244
4  165  166
3  166  243
3  167  245
3  167  246
4  168  169
3  168  246
3  169  245
3  170  248
3  170  247
4  171  172
3  171  247
3  172  248
3  173  249
3  173  250
4  174  175
3  174  250
3  175  249
3  176  251
3  176  252
4  177  178
3  177  252
3  178  251
3  179  254
3  179  253
3  180  254
4  180  181
3  181  253
3  182  255
3  182  256
3  183  255
4  183  184
3  184  256
3  185  257
3  185  258
4  186  187
3  186  258
3  187  257
3  188  259
3  188  260
4  189  190
3  189  260
3  190  259
3  191  261
3  191  262
4  192  193
3  192  262
3  193  261
3  194  264
3  194  263
4  195  196
3  195  263
3  196  264
3  197  265
3  197  266
4  198  199
3  198  266
3  199  265
3  200  267
3  200  268
4  201  202
3  201  268
3  202  267
3  203  270
3  203  269
3  204  270
4  204  205
3  205  269
3  206  271
3  206  272
4  207  208
3  207  271
3  208  272
